-133.7E-1
-583.0630e6
+99.7193e16
-96.87E-26
-14.61e1
+3595
+055.8e3
-93.64e-7
+293429.5
+4341.3
-54.89E-3
+840.9E+177
+57.070e+3
+98.90E54
+77.23e-4
+89.54e-1
+60.53e+3
+8005e+53
-06.20480E407
+68.67e+90
-77.19e-86
+66.45E1
-337.8
+64.54e-16
+88.67e2
-369.8
+95.00E239
-906683
-12.686e-259
+93.30E+9
-91.99E+1
+35.47E-5
-51.31e+161
-178215E+7
-33621E+8317
-31.19e27
+39.15E-6
+5642
-708.026E+9413
-44.76e8
+13.695e+9
-79.19e-4
+46.641e9
+96.27610E64
+63.51E-8
-86.88838E4
+49.217E+4
-19701
+51.3155e-94
-50.86e+4
-47348.20
+37.66139E2
+69.5714E-6
+00.29799E+3
-4751
+15.20E0
-17.75e6
-78.97E99
+10.932639E437
-67.86E6
+12316
+126.85
-2325.0632
-30.43e+5
+142.8679E28
+25.03e-1
-25.006395E+3
+95.9589e73
-35.19E-6
-4710.0E+8
+19339.1E1
+38.02e+3
-61.174E3
-50.68E0
+12.61E241
+8758
-064.7e+22
-02.51e2
-42.35e+1
+03.549786e+059
+61.655e1778
+42.852e-94
-92.05E490
-9568E6
+567.3
+50.18e49
+93.13e3
+088.9E73
+64.514E7471
-03.03e6
-33.8554E+59
+96864
-134759
-2680.2
-24.0628E-9
-10.897e77
-71.1284E-5
+06.634247e+6964
-98.494686E5160
-73.61E-1
-36855e7
-84662E9421
+04.69E-4
-29.5396e176
+37.251e7
+91.66e3
+239.7
-28.683E9
-64.23E7
-7633
+94.09E6
+7135e4
-311.8e33
+16.732E-407
-49.28e7
-759.8
+02.31E+0
-0562.8
-09.26E-0
+89.37694E6262
+84489e2
-58.8230e4487
-36256E-5
+25993
-98.406E6939
-43.83e2
+27.278E3488
+328.6
-717.0E+861
+967.9
+27.352590e+4
-705.0
-04.94e880
+41.33E2
+06.02e2060
+61.11E205
+23.02E+17
-51.4597e8242
+36.12e-4
+61.75E-0
-22.43e-9
-41.56E-98
-5066.4136e2287
+629.8e+1
+07.714971e-888
-00.23E+5
-53.35E3
+24166e1
-56.5703e+36
+577.5e70
+65.55E4
+08.54E-9643
-87.60E2
+434.3E79
+63.4242E4
-62.6584e+4268
+845.0e3
+89.48E798
-8019
-85.857e-672
-96.79E3
+732.0e5
-44.40e+3
-0592E+4
+27.6075E+1
-207955.3e9
+56.92E579
+0198
-88.515327E720
+624.987e+971
+490.0E+2
-1400e927
-70.45E0
+94.31E3
-71.160e-9
-420.6E-5003
+57.09e9
+18.71e3
-47.42e+6754
+793.75e-91
-07.41e-1
+09.29e76
+082.8
-34.91E+0
+60.22e-5
-04.17e-404
+51.9927E2
-2150
+176.11E+4
-564.9249
+27.16E5145
+24.08748E5
-33.08E+7
+905.627e+8
+01.945E+8
-685.19
+36.792E+0
+055.0192
+2361
+51.34E-2
-28.421443E+8
-453.1229e2
-8081.77
+85.1442e+9
-71.839e+2
+03.195e0300
-66.338349e+98
-521.6
-46.80e-7
-58.74e21
-66.00e2336
-63.53E92
+753315.1
-29.57E9
-41.533E-6
+48.26e-714
-75.45665E6
-26.349E+9
+883.9E-9
-362.4125E-175
+665.5
+43.05e08
+980.658e+02
-21.13e+634
-8665E-0
+69.97e+8
+13.776453e+8
+555.5500e+6
-19.675e4
-95.51E-6
+05.9763E+4
+767067e+6
+99.61E+4
+629.6
-30.50E-1
+7666E0
+96.8249E+9
-292.3
+07.16e+36
-65.08e78
+522.0155
-97.42E+28
-71.104E-7
+61.47e0
-57.840e0
+296.9927
-3878
+88.285847e+7
-82.87E+177
+78.13E-49
+31.45e-341
-68.21E-4
-87.51305E-9
+18.24E+8
+711.7e+2
+40.50E6
-68.70E8
-54.342e+68
+57.23e-4
+299.3
+18.81E7326
-608.4e+0
-62.351e1868
+43.94e-83
+3630.9E2759
+72.22603E+47
+806.15E-7
-97.02E3728
+827.1
+47.02e7
+533.9E40
-82.00e7
+00.60e2
+94.76424E+7
-511973.03e+1
-69.57e4
-280.98E96
+67789.9e8
+521.0
+84.057e65
-021.2614
+67.79030E+6
-7702e974
-83.61e+68
-878414
-554.8e2
-01.25e8158
+79.209E11
+88.40e-0780
+56.446000E5
-49.6685e-8
-10.97e8
-31.89e9
+84.40e-0
-25.698e+754
+66.881E-0
+082.2425e5
+77.38e4
-00.33e9760
+364484
-66.26E+1
-967.7
+15.125E6361
+937.47E-4
-22.22E0
-01.12e-7
-53.03e476
-82.31e-52
+26.60E+507
-7109e2
-73.790e-1
+478.9e6
-431.2E-368
+03.10E-6
-54.20e-1
+91.60E-83
+58.043E50
-82.78E7
+44942.4
-69.6421e9
+10.150E+3111
-44.6356e1558
-37.32e43
-2517e7
-13.29e-5
+556.1e8
-26085.1
+91.15e+2
-5429.7
+070.4E-51
+7395.6
+24.98e68
+6802
-20.93e4590
+090.6
+699.953
+628.9e+5
+56.86e4
-44.55E+3
+424057.2e9
-54.171E+5
+627.944
-80.8751e+7
+34.927E6
-27.87E0131
-644.9e1
+61.281e+325
+11.238610e2
-50.2491e036
+34.859E+17
-75.94E96
-08.8437e+58
+6570e2
-71.7428E-0
+93.96e3
-806.7E64
+51.44e2
-254.6E8
+11.15e5
-65.62E+854
-61.752353E-2
+14.956899e-50
+63.83e6
-98.11e2
+60.21E35
+97.23E+1
-79.35e+150
+950.3
+15.79e952
+9279.0e1
+94.78E+8
-13.05e94
-97.07E2
-11.1476e-2
-487.0
-90.949E2
-025.3e81
+209.24e77
+973.66
+900.513e-9
+7949.2E24
+79.932e034
-28258
-90691.3
-87.95e11
+70.28E966
+25.63e0
+91.82E+7
+881874.1
-2563.46
-6076E1
+37999.1649e6
+50.08E0
-40.498E-3
-20.08515E204
-598481.42
+38.51e3
-46.83E29
-99.1703e+7
-88.0720e+6
-2279.3E744
-06.41E+61
+75.0741E-0
+244.3E+0
+62.74e-7558
+90.110e114
-15018.4544E+8
-6183
+42.69E1
+43.461E+3
-15.814e3097
+110783.90e706
-04.47e0
+39.24e-1
-912.7
-30.58e2
+85.84e67
+99475E-9
-94.445E+53
-2946e4
-994.834
-49.04E+8
-95.75E7297
+520.4
-797.9e-2612
-75232E3
+8541.59
+3166.7E9
-08.398E+6802
-333.2e9011
-2728.760e+1
-4772e+02
-9241.0180
+271880
-69.80e+063
+06.4668e+1
+81.093e+16
+02.88859E530
+2955
-27.66e-9
+7315E3
-41.878309E47
+89.66e-1
-39.18E3817
-46.832e-8594
-34.548e-2
+91.09E-0
+1091
+1304E-6
-45.71e+6
+46.375e-7
+84.60e+5
-42.709E+2
-31.67E-1
-04.27e-6
-98.679274e5
+778.9e+9
-66138.0e+99
+7848.4
-074497.7e3
-87.01936e59
+654.7
+04.37E-4623
-88.07E+59
+485095.1
+63.24E+2
+073.7E-8938
-06.09e35
-92.46E+90
+156.4e+76
-91.22E-33
+53.13E-0
-79.93E2
-10.71e77
-1772.9E2
+71.978848e75
+744.2e6985
+03.478e-06
+54.32e142
-7780.5E3
+76.07E-9
+80.06E+1
+18.32E-6
+819039
-160056
+12.166e7
+23840
+932.235E14
+17.49e+9
+324.2e-6
+87.65e+9
+6110.3E-42
-9030E6
+57.57E-9636
-7886
-79.89E+7
-04.76e3
+199.56
-24.4232e-2
-60.41E4
-78.94E-474
+73216E67
-06.07E+1
-1281.6
+128.0129e+53
+98.907989E-051
-75.84E-502
+98.604e0
-523.8
-468.5e288
-3968.7
-3434e4
+2003.5
-959.31e7
+35.94E+2
-041.3E3
+26.157e3
+157.8
+3141
+722.5E1
-040.92e16
+83407
+973.74
-1570E-53
-27.27e9
-43.35E8
+766.7e358
-97.89E28
+312573e+80
+588786
+00.48066e-7119
-42.89e66
+362.68
-484.4027E7
-27.73e+4
+30.89e+2
+59.6567e-2
-803045
+60.48e4
+373.6E0
-79.20e+21
-0971
+36.575e+3
+34.97E-1
-51.09e+7
-07.609e8
-73.66E2
+37.74e18
+64.11e7
+2339E99
+87.70e6
-55.8556E+5
+19.64e9704
-61.51425E+4
-22.810E8
+32.29556e2
-52.983e5
+006.5470e+80
+59.99E4
-628300.713
-51.05E7352
+259.06e+8
-53.78e+7204
-10.10e+9858
+227.2
-94.09e+1
+44.19e-6
-69.23e+7
+53.269e+5
+7735
+891326
-60.82e+7
-64.673031E-6
+6167.7
-507195
-14.596E+2
+735459.6e-26
-75.04e2
+62.88e+0
+33.1511e-2
-42.091E-6
-44.78e+2
+52.78e+8
-732.7E-6
-52.057919E5
+471.8E2
-11.591E8
+91.58E3
+88.755610E9876
-32.416E82
-95.94E+35
+4305e+23
+933.94
+3011.8e4
+42.21474e5
-37521.7E-8768
+0155.7160
-77.88432e+2187
-9035
-02.02028e+9014
-59.94E7
-3404.5
+278.86
-69.72e-0
-228.9e8
+50.22E44
+9990.3
-69237
+37.982e+0
+046.74
+12288.3e9
-01.644E2324
+18.95E3
+08.82018e-138
+724132
-06.89e-5
-507.4
-31.081E+4
+29.391e9991
+142.74e50
-82.317e8
-79.13E+6
-747.0E3
+371.7
-98.72e8
-54.63E675
+79.49e-0
-42678.6E6925
+63.48E+8
+67930
+20.50e-2
+33.60e00
+86.16E521
-70.800E8
-36.75e+9
+2413.046e0
-0894.3
+485741.6
+61.92e5
-260.6E02
-42.41e6
-82.22e20
-7423.57
+54743.35
+715493.9
+7188.3E6
-65.654575E+94
-71.541e-1
-10.96e3
+087.06E+6
-27.704e97
+22.46E+631
+474.97
-91.624e-79
+14.0196E1
+86.13E5
+40.64E4
+73.34E7
+97.31e742
-15.84E0
-74.74e6
+85.52443e7
-989.1e7
-63.78E+0
+49.28638E-16
-88619E3
+66.02E9443
-057723.1e3
-360406.8
+639.9E3
-7926
-7118
+587.6
+745.62
-48.32E2
+34.403E14
-08.5258E-7
+75.755E3
+34.31E+2
-25.12e-935
+82.949e1
-99.63808E-44
-411.2
-81.189e7804
+87.84E-641
+270.8
+031709
+62.60E-5416
-40.69e92
+73.558e+2
+28.17e1
-3539E+6
+20.294e+3
+72.636826E36
+9404
+795141
-415.1e11
-567416
-2556.084
-54.86E1
-00.35E4
+93.77E-4
-3785
-011136.5E5
-535.3e+9
+16.066E+9
-689933.7E+2
-09.118395E+5
+13.53E-4
+10.071E17
-12.14e-03
+662.9311e2
+983.4
+45.93e+9
+94.620E1
+294.3
+73.592E-16
-35.63E+7
+96.16e5
+89.44E+5
-01.177E-20
-28.652e+853
+2927.59
-62.14e-8
+73376.0E8514
-78.20E-3
+81.30e7
-33.81E3
-2759.0
+0018.417e0
+7466
-21.72e2141
+51.999e-46
-73.10E+70
-0450e64
+00.12E7
+68.31E+3619
+79.44E+5
+182.4E-4
-65.80e-6
-09.18E-7
+04.99e-5974
-71.73e-5
-153.0
+48.757E-8
-902.99
-987031.5E8
-78.24E+2
-391426e+59
-56.5065E446
+69.20e-7
-09.99E+7
-880084.1E+15
-61.010254E+9
-92.784e-07
-8104.926E+97
-927.2E2
-92.27E3
-5505
-739.9737
-75.73e0
-12.49e7
-59.51E0
-29.39114e00
-733597
-670.7e+8
+63422e3
-62.702E3
-85.06e-36
+30955e3
-19.6090E+8
+15.57e43
+74555.3
+3840.5E+6
+55.23e-8
-02.57E7
-14.89403e-0
-480823
-39.236e+697
-15.5864e+0
-29.12E2871
+75.01e3
+934381.0E+3
-08.30E3396
-25.77e+30
-17.2791E+9
+15.528206e4
-804.3
+71.40E+6
+30.34E-02
+88.83E2
-22.425E-0
-08.421e+83
+32.79E0
+77.89e+7
-32.14E3
-12.24014e-3
-07.48e-64
-58.9732e7
-23.06157E3431
-00.64E9
+66.5928e9
-749121.9E+2950
+55.60e33
-10.362e4
+265.9338e6
-88.19e+4
-29.43E056
+06.2281E+811
-88.58e6
-57.20e7
-60.7847e583
-93.0828E9
+3727
+75.530E9
+23.62e3
-5653
+876.6E+7
+518.9661e-37
+863.407
-508.6E+5
-525.28e+6
-14.50e26
+572.5e9
-2938e7
+76.83E+76
+23.93E046
-90.50E4
+77.35469E+8
+67.51e3
+65.454530E-7
+409978
-30487.4
-710.04
+25.46E-7
+272.1
-46.283E74
+76.08E+1
+73.65E83
-8208
+595.2
-99.88E75
+145.652
-571.4e+1
+530.3
-60.32E5
-896210
-15.75E2600
+871531.43e-6
+0554
+040.8592
-4236.7
+06.44E-3
-900.3799
-695.4e-4507
+58.297e+7
-35.48e-2
-512.3589e-6
+08.414E-597
+495346.0e6
-11.499e+6
+86.94e6
+07912.9e8
-71.24e+85
-62.52E81
-53788E-3
+58.63e+3
+46.47e+6104
+69.530e+8
-30.62e3
-59.94e9
+23.98e31
+68.48E6
-4625.4E+2
+05.28075E5
-85.322e6
-24.029e4
+07.3588e7
-736.9461e6294
+97.93E-4
+74.17e-6
+50.575E-9
+45.22e501
-2466E-36
-28.503068e+1
+23.36e+0
-066.2E7
-73.5803E41
+148.0e46
+22.657E-0
+43.27e+4
-22.77e5
-7960.797
-6025e-9225
-81.75E+72
-902790.172
-36.696424E-5
-58476.2
-80.5981e6161
-07.4684E+9
-35.172E3941
-99.19E+8
-75.46E+3517
-81.615E+24
-0619.4
-88.699e8
+09.26E+6
-030.22E1
+004282e+6
-47.53e-5
-62.981e444
-16.22552e+67
-76.32e50
-35.07E+6
-433736.5E+6
-958.3e+8
-501.7e+51
+257.417e+122
-3852.77
+05.43e752
+5306
+73.33e4
-9954
+978.93e-0
-80833.26e2
-7177
+1877.4e-0
+8145
+9449.4e4772
+86.40E-41
+55.71e+4
-88260.6
-333.32
-135.141E6
+28.769982e-6
+59.47E-0272
+34.86280e-5
-745.7
+19.11E4
+41.729623e+9412
-75746.1e-645
-934078.9
-65.6143E+055
-49.49E7
+92.068E+6
-148.8
+41.335E43
-420.7
+18.91e+1
+74.96E5
-895.20
+066202.65
-690.6
+82.41e9
+03926e+5
-792.4
+058.4
+13.57E+0
-26.02503E3
-27.450429e30
-72.0194E+7
-753399.3E8
+8744E+7
-506.47E-6
-18.025e4
+99.08e+5
-336.3
+15.27e-7
+8528
+3191E-305
+37.317E14
-99.97E2
+617.4824
-44.16E+8
-6053.0e9
+060.8
+53.735708e9
-88.98e-05
-01.44E-4
-03.63E83
+95.16e+18
-66.23533e-6
-26.542E+5
+869.8E+5
-80.148e+7
-15.515071e-7
+17.72E473
+89.23e+7252
+36.0386E-9597
-3808.3
-66.105e+61
-586.717
+41.54E+0
-00.96E7
+333.7
+13.773e-5
-557.2
+28.88E+6
-2705.7078e6377
-30.984E-4
-83.24e7
